# From the portal's Felt style. See shared/tools/build-vector-layers.py.
# value  R   G   B   A
nv       0   0   0   0
1 252 248 0 255
1.000001 252 248 0 255
2 245 250 179 255
2.000001 245 250 179 255
3 255 213 79 255
3.000001 255 213 79 255
4 248 248 104 255
4.000001 248 248 104 255
5 191 234 105 255
5.000001 191 234 105 255
6 148 220 4 255
6.000001 148 220 4 255
7 0 202 135 255
7.000001 0 202 135 255
8 74 216 4 255
8.000001 74 216 4 255
9 76 230 0 255
9.000001 76 230 0 255
10 68 179 12 255
10.000001 68 179 12 255
11 0 138 92 255
11.000001 0 138 92 255
