# TerrAdapt land cover, one file per year (map/tools/fetch-terradapt-series.py numbers
# the classes in TerrAdapt's legend order). Coloured as the portal's Land cover legend,
# matched by name; Snow & Ice and Barren aren't in that legend, so theirs are our own.
# value  R   G   B   A
nv       0   0   0   0
0        0   0   0   0
0.999    0   0   0   0
1       65 143 191 255
1.000001 65 143 191 255
2       230 238 242 255
2.000001 230 238 242 255
3       168 159 143 255
3.000001 168 159 143 255
4       114 181 223 255
4.000001 114 181 223 255
5       93 155 193 255
5.000001 93 155 193 255
6       7 165 171 255
6.000001 7 165 171 255
7       78 211 122 255
7.000001 78 211 122 255
8       241 231 190 255
8.000001 241 231 190 255
9       78 211 122 255
9.000001 78 211 122 255
10       243 219 121 255
10.000001 243 219 121 255
11       27 203 85 255
11.000001 27 203 85 255
12       22 155 66 255
12.000001 22 155 66 255
13       254 141 66 255
13.000001 254 141 66 255
14       249 203 21 255
14.000001 249 203 21 255
15       184 211 154 255
15.000001 184 211 154 255
16       188 227 146 255
16.000001 188 227 146 255
17       147 207 82 255
17.000001 147 207 82 255
18       141 141 141 255
18.000001 141 141 141 255
